Starting node: 165
Ending node: 157
Edges:
165 84
84 163
163 7
7 148
148 57
57 73
73 50
50 27
27 18
18 41
41 149
149 159
159 166
166 48
48 145
145 31
31 85
85 136
136 199
199 66
66 42
42 143
143 111
111 87
87 162
162 75
75 26
26 189
189 93
93 56
56 25
25 153
153 168
168 94
94 108
108 76
76 89
89 37
37 176
176 188
188 109
109 152
152 10
10 146
146 95
95 114
114 167
167 192
192 123
123 101
101 17
17 175
175 9
9 112
112 129
129 8
8 83
83 55
55 195
195 106
106 170
170 190
190 45
45 70
70 104
104 35
35 132
132 51
51 72
72 117
117 121
121 183
183 177
177 119
119 128
128 197
197 14
14 52
52 173
173 193
193 80
80 64
64 43
43 140
140 46
46 156
156 58
58 28
28 65
65 53
53 122
122 13
13 110
110 130
130 47
47 4
4 182
182 16
16 69
69 68
68 174
174 61
61 12
12 184
184 137
137 36
36 79
79 88
88 191
191 49
49 142
142 5
5 67
67 116
116 196
196 169
169 24
24 160
160 138
138 194
194 20
20 3
3 186
186 32
32 105
105 30
30 74
74 118
118 144
144 180
180 62
62 102
102 0
0 139
139 59
59 60
60 38
38 33
33 172
172 11
11 155
155 198
198 90
90 86
86 179
179 131
131 2
2 34
34 103
103 63
63 185
185 113
113 1
1 29
29 126
126 134
134 21
21 187
187 124
124 19
19 97
97 71
71 22
22 150
150 6
6 15
15 23
23 147
147 81
81 125
125 181
181 154
154 39
39 161
161 120
120 82
82 78
78 133
133 92
92 91
91 96
96 171
171 164
164 135
135 127
127 158
158 54
54 44
44 178
178 100
100 77
77 141
141 151
151 98
98 40
40 107
107 99
99 115
115 157
165 163
165 73
165 149
165 143
165 153
84 50
84 145
84 143
163 148
163 50
163 136
7 57
7 73
7 27
7 41
7 149
7 162
148 27
148 41
148 149
148 166
57 145
57 168
57 188
73 27
73 149
73 166
73 31
27 149
27 166
27 89
18 149
18 31
41 159
41 166
41 145
41 136
41 87
149 166
149 143
149 87
149 75
149 94
159 85
159 136
159 199
159 66
159 87
159 153
166 145
166 85
166 66
166 42
166 143
48 75
145 85
145 143
31 136
31 199
31 66
31 143
31 108
85 66
85 26
136 42
136 143
136 111
136 189
199 143
199 168
199 176
66 26
42 111
143 87
143 162
143 75
143 176
111 162
111 75
111 189
111 93
87 56
87 89
162 56
162 168
162 176
75 189
75 93
75 153
26 25
26 153
189 56
93 25
56 108
25 89
153 108
153 76
168 108
168 89
168 37
94 76
94 89
108 89
76 188
89 188
188 152
188 95
188 182
109 10
109 175
109 46
109 21
152 95
152 114
152 101
152 9
10 123
10 0
146 195
95 8
95 170
95 45
95 132
95 80
95 46
95 2
114 101
114 112
114 129
114 55
114 45
114 35
114 13
114 91
167 123
167 101
167 191
167 169
167 74
192 101
192 72
192 52
123 17
123 9
123 177
123 194
101 175
101 80
17 9
17 170
17 104
17 177
175 70
175 104
175 197
175 14
175 173
175 122
175 88
9 8
9 121
9 47
9 11
112 80
112 79
112 20
129 83
129 170
129 51
129 121
8 195
8 170
8 35
83 195
83 170
83 46
83 65
55 106
55 170
55 70
55 51
55 119
55 80
55 13
195 170
195 67
195 11
195 99
106 45
106 14
106 28
106 5
170 45
170 177
170 53
170 36
190 70
190 14
190 28
190 65
45 35
45 51
45 119
45 127
70 132
70 119
70 14
70 28
104 132
104 177
35 51
35 183
35 52
35 3
35 60
132 72
132 126
51 117
51 14
51 173
72 140
72 46
72 88
72 102
72 131
117 197
117 46
117 174
117 160
121 177
121 128
121 173
121 80
121 102
121 0
121 198
183 119
183 128
183 197
183 173
183 80
177 128
177 173
177 64
177 43
177 49
177 21
119 197
119 80
119 79
119 20
128 52
128 28
128 4
128 184
197 173
197 71
197 135
14 80
14 102
52 80
52 43
52 58
173 80
173 43
173 140
173 191
193 43
193 28
193 130
193 24
193 171
80 140
80 58
80 186
80 74
64 46
64 58
64 28
64 130
64 61
64 5
64 118
43 156
43 65
43 110
43 184
43 116
43 78
140 28
140 69
140 54
140 99
46 28
46 88
46 196
46 60
46 21
156 28
156 13
156 47
156 11
58 24
28 13
28 4
28 12
28 116
28 185
65 186
65 124
53 155
53 92
122 47
122 68
122 169
122 6
13 130
13 4
13 61
13 169
13 20
110 47
110 4
130 4
130 69
130 61
130 79
130 49
47 88
4 16
4 174
4 12
4 191
4 32
182 12
182 79
182 67
182 169
16 174
16 184
16 196
16 24
16 38
16 92
69 174
69 88
69 49
69 169
69 38
69 19
69 81
68 61
68 12
68 131
174 12
174 184
174 36
174 142
174 67
174 196
174 139
174 131
61 184
61 137
61 79
61 67
12 36
12 191
12 138
12 32
184 36
184 79
184 88
184 196
184 105
184 38
184 172
137 134
137 157
36 88
36 191
36 49
36 105
79 191
79 49
79 142
79 5
88 49
88 67
88 105
191 5
191 116
191 74
191 90
191 2
49 5
49 67
49 179
49 19
49 161
142 32
142 0
5 169
5 138
67 169
67 20
67 59
67 34
67 91
116 24
116 3
196 24
196 160
196 144
196 77
169 138
169 144
169 0
169 11
169 39
24 20
24 3
24 30
24 147
24 135
160 20
160 3
160 118
160 172
138 20
138 2
138 113
138 178
194 60
194 124
194 115
20 186
20 32
20 30
20 155
20 171
3 32
3 105
3 74
3 144
3 102
3 6
186 74
186 144
186 102
186 155
186 179
186 147
186 127
105 180
105 38
105 33
105 90
105 124
105 147
30 62
30 124
30 150
74 144
74 62
74 134
118 180
118 139
118 59
118 154
144 62
144 139
144 198
144 71
180 21
180 23
62 0
62 59
62 198
62 90
62 131
62 124
102 90
0 59
0 103
0 134
0 187
0 97
0 150
139 29
139 22
139 147
59 33
59 155
59 131
59 34
59 185
59 124
60 11
38 11
38 1
38 97
38 23
38 178
33 155
33 113
33 15
33 40
172 90
172 2
172 1
172 151
11 134
11 78
155 103
155 63
155 150
155 135
198 86
198 113
198 19
90 179
90 131
90 63
86 185
86 71
86 151
179 63
131 34
131 187
131 15
131 161
131 92
2 103
2 15
34 1
34 126
34 187
34 19
34 78
34 44
103 185
103 6
103 161
103 120
103 158
63 113
63 97
185 29
185 127
185 40
1 78
29 134
29 187
29 124
29 6
29 98
126 19
126 71
126 150
21 124
21 19
21 71
21 150
21 147
21 120
187 19
187 97
187 181
124 97
124 71
124 161
124 115
19 22
19 161
19 54
97 22
97 6
97 82
97 133
71 6
71 125
71 133
71 151
22 127
22 99
150 15
150 82
6 181
6 78
6 107
15 154
15 96
23 81
147 181
147 39
147 78
147 96
147 158
147 44
81 181
81 39
81 161
81 157
125 154
125 120
125 133
181 120
181 82
181 78
181 92
181 178
154 161
154 91
154 158
39 82
161 78
161 171
161 98
82 133
82 91
82 127
82 151
82 99
78 92
78 91
78 96
78 164
133 96
133 171
133 135
92 171
92 54
91 171
91 164
91 135
91 127
96 164
96 127
96 54
96 99
171 135
171 127
171 158
171 44
171 141
135 158
127 100
127 77
127 141
127 107
158 44
158 77
158 107
158 157
54 178
44 141
178 77
178 151
178 98
178 99
100 141
100 40
141 99
141 157
151 99
98 99
40 157
107 115
